
 215  160785  1141  1146 1 1 1  21 : SET No 00001
   24598.0   18166.0
   23925.0   19209.0
   23456.0   19654.0
   22603.0   20261.0
   22018.0   20674.0
   21210.0   20996.0
   20606.0   21046.0
   20088.0   21318.0
   19648.0   21142.0
   19148.0   20728.0
   18545.0   20308.0
   18011.0   20333.0
   17469.0   20360.0
   16813.0   20586.0
   16406.0   21005.0
   16328.0   21228.0
   16524.0   21637.0
   16566.0   22119.0
   16563.0   22306.0
   16490.0   22719.0
   16251.0   23228.0

 216  160785  1149  1203 1 1 1  58  : SET No 0000
   22697.0   18651.0
   22521.0   18507.0
   22451.0   18212.0
   22963.0   17923.0
   22439.0   17692.0
   22036.0   17613.0
   21609.0   17398.0
   20924.0   17365.0
   20307.0   17021.0
   20275.0   16837.0
   20564.0   16699.0
   21062.0   16772.0
   21809.0   16980.0
   21657.0   16424.0
   21139.0   16371.0
   20682.0   16552.0
   20221.0   16697.0
   19722.0   16978.0
   19351.0   17161.0
   19159.0   17297.0
   19045.0   17775.0
   19341.0   18123.0
   20038.0   18183.0
   20755.0   18285.0
   21600.0   18603.0
   22287.0   18764.0
   22423.0   19651.0
   22279.0   20544.0
   21440.0   20733.0
   20553.0   20777.0
   19682.0   20694.0
   18994.0   20812.0
   19260.0   21366.0
   19843.0   21654.0
   20614.0   21652.0
   21368.0   21488.0
   22125.0   21248.0
   22907.0   20843.0
   23680.0   20902.0
   24273.0   20922.0
   24802.0   20922.0
   25231.0   21414.0
   25606.0   21633.0
   26327.0   21157.0
   26130.0   19961.0
   25555.0   19162.0
   24947.0   18607.0
   24230.0   18258.0
   23805.0   17600.0
   24264.0   16603.0
   25137.0   16092.0
   25979.0   15740.0
   26931.0   16040.0
   27978.0   16306.0
   28708.0   16396.0
   29025.0   16073.0
   29489.0   16063.0
   30087.0   16480.0

 217  160785  1200  1204 1 1 1  17 : SET No 00001
   20522.0   19489.0
   21499.0   19328.0
   22191.0   19253.0
   22191.0   19253.0
   22371.0   19281.0
   22790.0   19005.0
   23479.0   18435.0
   24358.0   18235.0
   25029.0   18185.0
   25633.0   18131.0
   26274.0   17980.0
   26971.0   17989.0
   27559.0   17853.0
   28171.0   17755.0
   28610.0   17939.0
   28961.0   18005.0
   29481.0   18082.0

 218  160785  1218  1221 1 1 1  15 : SET No 00001
   23227.0   19924.0
   22292.0   20866.0
   21581.0   20588.0
   21086.0   21038.0
   20368.0   20892.0
   19765.0   20914.0
   19263.0   20798.0
   18157.0   20347.0
   17114.0   20019.0
   16454.0   20467.0
   16517.0   20692.0
   16446.0   20939.0
   15852.0   20417.0
   15506.0   19743.0
   14965.0   19595.0

 219  160785  1231  1236 1 1 1  20 : SET No 00001
   19583.0   20084.0
   20243.0   20093.0
   21020.0   19953.0
   21747.0   19706.0
   22297.0   19514.0
   22548.0   19431.0
   22753.0   19678.0
   23416.0   20160.0
   23798.0   20450.0
   24001.0   20676.0
   24436.0   20597.0
   24960.0   20419.0
   25740.0   20439.0
   26330.0   20387.0
   27093.0   20594.0
   27753.0   20727.0
   28317.0   21015.0
   29095.0   20950.0
   29616.0   20885.0
   30351.0   21002.0

 220  160785  1243  1252 1 1 1  37 : SET No 00001
   22417.0   20809.0
   22418.0   20809.0
   22418.0   20809.0
   22238.0   20989.0
   22178.0   21101.0
   22270.0   21394.0
   22740.0   21302.0
   22579.0   20761.0
   21924.0   20821.0
   21746.0   21104.0
   21553.0   21482.0
   21819.0   21772.0
   22490.0   21832.0
   23143.0   21574.0
   23086.0   21001.0
   22879.0   20716.0
   22366.0   20419.0
   21688.0   20419.0
   21087.0   20494.0
   20543.0   20571.0
   19533.0   20366.0
   19059.0   20272.0
   18362.0   20257.0
   17775.0   20369.0
   17163.0   20039.0
   16892.0   19864.0
   16450.0   19431.0
   16190.0   19151.0
   16290.0   18784.0
   16272.0   18496.0
   16162.0   18378.0
   16161.0   18378.0
   15916.0   17786.0
   15492.0   17272.0
   15133.0   16617.0
   14937.0   15979.0
   14572.0   15460.0

 221  290785  1044  1049 1 1 1  21 : SET No 00001
   24822.0   20103.0
   24172.0   19863.0
   23599.0   19617.0
   23186.0   19245.0
   23002.0   18923.0
   22768.0   18689.0
   22609.0   18644.0
   22218.0   18592.0
   21898.0   18621.0
   21719.0   18605.0
   21536.0   18606.0
   21297.0   18647.0
   20651.0   18854.0
   20038.0   18768.0
   19472.0   18963.0
   19210.0   19267.0
   18961.0   19367.0
   18709.0   19687.0
   18452.0   19995.0
   18244.0   20406.0
   17813.0   20426.0

 222  290785  1050  1115 1 1 1 101 : SET No 00001
   21988.0   19236.0
   20748.0   19002.0
   19761.0   19207.0
   19441.0   19454.0
   19696.0   20088.0
   20055.0   20285.0
   20605.0   20164.0
   21310.0   19880.0
   21833.0   19392.0
   22247.0   19365.0
   22442.0   18879.0
   21988.0   18160.0
   21719.0   17901.0
   21281.0   17733.0
   20720.0   17815.0
   20564.0   17452.0
   20563.0   17224.0
   20579.0   16874.0
   20813.0   16514.0
   20833.0   16442.0
   20814.0   16207.0
   20615.0   15623.0
   20150.0   15616.0
   19591.0   16032.0
   19400.0   16222.0
   19184.0   16244.0
   18945.0   16208.0
   18452.0   16419.0
   18057.0   16559.0
   17558.0   16554.0
   17083.0   16332.0
   16645.0   16459.0
   16678.0   16824.0
   16768.0   17184.0
   17020.0   17620.0
   17493.0   18138.0
   17945.0   18780.0
   18123.0   19366.0
   18042.0   19626.0
   17925.0   19675.0
   17468.0   19475.0
   17062.0   19569.0
   16990.0   20114.0
   17359.0   20621.0
   17678.0   21060.0
   17440.0   21492.0
   16994.0   21706.0
   17127.0   22070.0
   17482.0   22203.0
   18017.0   22221.0
   18536.0   22132.0
   19020.0   22191.0
   19469.0   22357.0
   19555.0   22415.0
   19630.0   22467.0
   19768.0   22794.0
   19543.0   23495.0
   19531.0   23813.0
   19888.0   23679.0
   20356.0   23803.0
   20707.0   24138.0
   21112.0   24180.0
   21556.0   23769.0
   21625.0   23036.0
   21472.0   22482.0
   21242.0   21938.0
   21171.0   21585.0
   21309.0   21327.0
   21317.0   21067.0
   21057.0   20653.0
   20917.0   20448.0
   21125.0   20093.0
   21620.0   19730.0
   22130.0   19429.0
   22904.0   19504.0
   23702.0   19526.0
   24423.0   19618.0
   24868.0   19660.0
   25308.0   19789.0
   25528.0   20120.0
   25554.0   20490.0
   25554.0   20490.0
   25555.0   20490.0
   25555.0   20490.0
   25588.0   20887.0
   25789.0   21316.0
   26148.0   21635.0
   26663.0   21857.0
   27228.0   21845.0
   27755.0   21729.0
   28066.0   21640.0
   28669.0   21488.0
   29300.0   21507.0
   29778.0   21219.0
   29916.0   20621.0
   29603.0   20403.0
   29137.0   20442.0
   28787.0   20155.0
   28610.0   19777.0
   28834.0   19190.0
   29176.0   18726.0

 223  290785  1125  1130 1 1 1  19 : SET No 00001
   24299.0   20942.0
   24232.0   21358.0
   24205.0   21722.0
   24004.0   22051.0
   23541.0   22118.0
   22920.0   22015.0
   21191.0   21308.0
   20635.0   21139.0
   20187.0   21035.0
   19731.0   20969.0
   19031.0   20894.0
   18370.0   21063.0
   17973.0   21163.0
   17780.0   21154.0
   17411.0   20830.0
   17028.0   20617.0
   16654.0   20966.0
   16230.0   21675.0
   15776.0   22176.0

 224  290785  1131  1151 1 1 1  82 : SET No 00001
   22926.0   19526.0
   21422.0   19440.0
   19979.0   19384.0
   19500.0   18989.0
   19094.0   19305.0
   19702.0   19658.0
   20330.0   19611.0
   21042.0   19512.0
   21194.0   18749.0
   21193.0   17982.0
   21621.0   17690.0
   21532.0   16926.0
   21109.0   16751.0
   20566.0   16479.0
   19839.0   16425.0
   19367.0   16494.0
   18976.0   16716.0
   18682.0   17055.0
   18585.0   17307.0
   18500.0   17755.0
   18272.0   18467.0
   18155.0   18826.0
   18286.0   19244.0
   18531.0   19523.0
   18631.0   19603.0
   18704.0   19852.0
   18386.0   20111.0
   18387.0   20111.0
   18688.0   20232.0
   19304.0   20024.0
   19624.0   19933.0
   20103.0   19900.0
   20413.0   19946.0
   20668.0   20117.0
   20990.0   20271.0
   21457.0   20653.0
   21077.0   21349.0
   20592.0   21785.0
   20509.0   21956.0
   20948.0   22178.0
   21748.0   21924.0
   22256.0   21703.0
   23035.0   21653.0
   23474.0   21770.0
   24059.0   21668.0
   24467.0   21498.0
   24820.0   21195.0
   25043.0   20592.0
   25096.0   20404.0
   24992.0   20144.0
   24823.0   19986.0
   24751.0   19818.0
   24728.0   19703.0
   24635.0   19138.0
   24514.0   18624.0
   24089.0   18323.0
   23743.0   18096.0
   23304.0   17540.0
   23616.0   16906.0
   23464.0   16458.0
   23329.0   16255.0
   23279.0   16202.0
   22759.0   16552.0
   22334.0   17007.0
   21789.0   17190.0
   21194.0   17312.0
   20928.0   17232.0
   20674.0   17034.0
   20113.0   16826.0
   19833.0   17080.0
   19469.0   17204.0
   19198.0   17131.0
   18900.0   16872.0
   18548.0   16721.0
   18245.0   16962.0
   18189.0   17490.0
   18084.0   18242.0
   17815.0   18973.0
   17409.0   19319.0
   16767.0   19521.0
   15986.0   19449.0
   15117.0   19527.0

 225  290785  1229  1234 1 1 1  21 : SET No 00001
   20215.0   21276.0
   21151.0   21007.0
   22124.0   20927.0
   23055.0   20855.0
   23805.0   20732.0
   24582.0   20315.0
   25070.0   19892.0
   25287.0   19383.0
   25414.0   19032.0
   25389.0   18525.0
   25393.0   17883.0
   24862.0   17345.0
   24300.0   17033.0
   23642.0   16986.0
   23109.0   16858.0
   23092.0   16265.0
   23155.0   15901.0
   23647.0   15117.0
   24292.0   14260.0
   24998.0   14070.0
   25565.0   13705.0

 226  290785  1240  1245 1 1 1  21 : SET No 00001
   21723.0   20462.0
   22743.0   20617.0
   23510.0   20716.0
   24002.0   20734.0
   24024.0   20461.0
   24085.0   20306.0
   24028.0   20005.0
   24054.0   19540.0
   24523.0   19366.0
   24933.0   19503.0
   25199.0   19651.0
   25392.0   19730.0
   25719.0   19586.0
   25806.0   19375.0
   25986.0   19319.0
   26318.0   19265.0
   26151.0   18758.0
   25667.0   18680.0
   25325.0   18579.0
   25271.0   18560.0
   25129.0   18598.0

 227  290785  1159  1205 1 1 1  24 : SET No 00001
   22828.0   21408.0
   22519.0   21672.0
   22718.0   22105.0
   22937.0   22329.0
   23259.0   22309.0
   23625.0   22306.0
   24076.0   22623.0
   24248.0   22886.0
   24295.0   23013.0
   24301.0   23167.0
   24357.0   23349.0
   24507.0   23538.0
   24965.0   23504.0
   25094.0   23480.0
   25390.0   23464.0
   25742.0   23515.0
   26088.0   23299.0
   26304.0   23006.0
   26609.0   23003.0
   26609.0   23004.0
   26943.0   23220.0
   27146.0   23317.0
   27331.0   23406.0
   27863.0   23205.0

 228  290785  1206  1220 1 1 1  58 : SET No 00001
   21503.0   21012.0
   22297.0   20785.0
   22283.0   20929.0
   22282.0   21276.0
   22644.0   21204.0
   22612.0   20997.0
   22510.0   20741.0
   22325.0   20421.0
   22168.0   20266.0
   22033.0   20143.0
   21936.0   20111.0
   21751.0   20113.0
   21573.0   20147.0
   21296.0   20403.0
   21111.0   20708.0
   20941.0   20950.0
   20755.0   21248.0
   20580.0   21504.0
   20490.0   21625.0
   20556.0   21750.0
   20775.0   21891.0
   20974.0   21919.0
   21113.0   21897.0
   21236.0   21878.0
   21422.0   21806.0
   21618.0   21706.0
   21897.0   21541.0
   22110.0   21414.0
   22235.0   21365.0
   22576.0   21412.0
   22949.0   21273.0
   23306.0   21343.0
   23585.0   21336.0
   23781.0   21322.0
   23938.0   21314.0
   24266.0   21346.0
   24634.0   21309.0
   24986.0   21337.0
   25429.0   21250.0
   25639.0   21188.0
   25810.0   21123.0
   26226.0   21059.0
   26517.0   21022.0
   26773.0   21117.0
   26987.0   21236.0
   27167.0   21345.0
   27471.0   21289.0
   27771.0   21021.0
   27829.0   20864.0
   27979.0   20574.0
   28299.0   20327.0
   28475.0   20310.0
   28544.0   20305.0
   28753.0   20357.0
   29082.0   20193.0
   29341.0   19979.0
   29640.0   19949.0
   29872.0   19829.0
   