
  39  231284  1252  1310 3 3 1  62 : SET No 00001
   27205.0   13908.0
   27364.0   13522.0
   26984.0   12817.0
   26342.0   12538.0
   25812.0   12311.0
   25466.0   12074.0
   25779.0   11735.0
   26103.0   11382.0
   26292.0   11122.0
   26210.0   10488.0
   25754.0   10132.0
   25366.0    9918.0
   24706.0    9994.0
   24208.0    9430.0
   23783.0    8584.0
   23082.0    8159.0
   22912.0    8066.0
   22834.0    7900.0
   22404.0    7444.0
   21661.0    7957.0
   22769.0    7638.0
   22848.0    6901.0
   22957.0    6182.0
   22105.0    5897.0
   22100.0    6828.0
   22443.0    7367.0
   22831.0    7750.0
   22755.0    7946.0
   22734.0    8020.0
   22840.0    8163.0
   22908.0    8228.0
   23091.0    8323.0
   23534.0    8581.0
   23994.0    8366.0
   24357.0    7757.0
   24393.0    7665.0
   24811.0    7302.0
   25002.0    6925.0
   24946.0    6257.0
   25060.0    5706.0
   24626.0    4838.0
   24154.0    4101.0
   23445.0    3951.0
   22669.0    3885.0
   21723.0    4200.0
   21064.0    4518.0
   20392.0    4681.0
   19592.0    4922.0
   19071.0    4730.0
   18640.0    4440.0
   18034.0    4093.0
   17357.0    3736.0
   16559.0    3817.0
   15847.0    4095.0
   15138.0    4426.0
   14809.0    5089.0
   14796.0    5734.0
   14240.0    6409.0
   13951.0    6911.0
   13268.0    7019.0
   13289.0    7384.0
   13188.0    7759.0

  40  231284  1310  1315 3 3 1  27 : SET No 00001
   28000.0   12040.0
   27929.0   12055.0
   27929.0   12054.0
   27928.0   12055.0
   26903.0   12415.0
   26166.0   12818.0
   25358.0   13317.0
   24744.0   13789.0
   23736.0   14282.0
   22698.0   14721.0
   21979.0   15070.0
   21397.0   15369.0
   20585.0   15490.0
   19924.0   15337.0
   19356.0   15134.0
   19094.0   14530.0
   18027.0   14261.0
   17133.0   14030.0
   16450.0   13870.0
   15531.0   13934.0
   14619.0   14076.0
   13946.0   14418.0
   13856.0   14805.0
   13038.0   15024.0
   12195.0   15027.0
   11222.0   15084.0
   10455.0   15318.0

  41  231284  1236  1240 3 3 1  19 : SET No 00001
   23239.0   12260.0
   23989.0   12560.0
   24877.0   12521.0
   25667.0   12520.0
   25877.0   12474.0
   26219.0   11524.0
   26906.0   10996.0
   27652.0   10664.0
   28229.0   11222.0
   28840.0   11837.0
   29595.0   12533.0
   30221.0   12807.0
   30990.0   13017.0
   31531.0   13070.0
   32130.0   12708.0
   32434.0   12454.0
   33226.0   12354.0
   33427.0   12384.0
   33826.0   12497.0

  42  231284  1248  1250 3 3 1  15 : SET No 00001
   26793.0   17817.0
   26137.0   17309.0
   26042.0   16200.0
   25510.0   15449.0
   24535.0   14369.0
   23636.0   13520.0
   23019.0   12816.0
   22094.0   12140.0
   21033.0   11477.0
   19860.0   11242.0
   19148.0   11261.0
   19146.0   11262.0
   19146.0   11263.0
   19145.0   11268.0
   19145.0   11268.0

  43  200285  1634  1705 1 1 2 126 : SET No 00001
   27410.0   10828.0
   27868.0   11231.0
   28251.0   11912.0
   28544.0   12385.0
   28869.0   12759.0
   29218.0   13003.0
   29668.0   13215.0
   29871.0   13320.0
   30120.0   13526.0
   30525.0   13570.0
   30769.0   13579.0
   31003.0   13509.0
   31277.0   13445.0
   31627.0   13395.0
   32087.0   13358.0
   32390.0   13323.0
   32753.0   13524.0
   33028.0   14023.0
   33130.0   14331.0
   33391.0   14796.0
   33762.0   15200.0
   34166.0   15545.0
   34616.0   15786.0
   35126.0   16056.0
   35146.0   16496.0
   35152.0   17086.0
   35320.0   17709.0
   35507.0   18036.0
   36015.0   18376.0
   36453.0   18699.0
   36808.0   18960.0
   36969.0   19172.0
   36577.0   19505.0
   36181.0   19679.0
   35874.0   19865.0
   35874.0   19866.0
   35873.0   19865.0
   35760.0   20052.0
   35496.0   20474.0
   34961.0   20844.0
   34486.0   21129.0
   33986.0   21492.0
   33686.0   21773.0
   33323.0   22095.0
   32884.0   22476.0
   32622.0   22549.0
   32515.0   22572.0
   32427.0   22620.0
   32213.0   22761.0
   31788.0   22697.0
   31319.0   22714.0
   30901.0   22823.0
   30201.0   22970.0
   29512.0   23198.0
   29122.0   23248.0
   28726.0   23411.0
   28251.0   23544.0
   27747.0   23498.0
   27139.0   23384.0
   26605.0   22936.0
   26297.0   22568.0
   25593.0   22276.0
   25185.0   21923.0
   24859.0   21642.0
   24744.0   21514.0
   24633.0   21236.0
   24526.0   20822.0
   24237.0   20225.0
   23936.0   19609.0
   23584.0   19090.0
   23288.0   18578.0
   22953.0   18118.0
   22922.0   18034.0
   22756.0   18001.0
   22056.0   17958.0
   21684.0   17618.0
   21301.0   17269.0
   20942.0   16996.0
   20549.0   16838.0
   20119.0   16516.0
   19794.0   16240.0
   19794.0   16240.0
   19797.0   16236.0
   19477.0   15538.0
   19151.0   15263.0
   18888.0   15167.0
   18620.0   15110.0
   18248.0   15024.0
   18055.0   14985.0
   18009.0   14957.0
   17756.0   14644.0
   17350.0   14374.0
   16842.0   14089.0
   16465.0   13876.0
   15895.0   13426.0
   15547.0   13176.0
   15160.0   13007.0
   14763.0   12711.0
   14426.0   12419.0
   14055.0   11991.0
   13583.0   11690.0
   13258.0   11135.0
   13133.0   10593.0
   12782.0   10199.0
   12240.0    9783.0
   12547.0    9199.0
   12750.0    8873.0
   12796.0    8789.0
   12946.0    8516.0
   13233.0    8236.0
   13651.0    7836.0
   14036.0    7399.0
   14395.0    6980.0
   14868.0    6574.0
   15165.0    6149.0
   15393.0    5697.0
   15589.0    4947.0
   15714.0    4604.0
   15674.0    4016.0
   15507.0    3472.0
   15326.0    2949.0
   15390.0    2759.0
   15479.0    2070.0
   15573.0    1352.0
   15812.0     687.0
   15919.0      89.0

  44  210285  1145  1150 1 1 2  20 : SET No 00001
   32823.0    9260.0
   32900.0    8639.0
   32685.0    8009.0
   32532.0    7270.0
   32512.0    6549.0
   32446.0    5815.0
   32494.0    5138.0
   32719.0    4481.0
   32789.0    4068.0
   32748.0    3893.0
   32804.0    3920.0
   32857.0    3882.0
   32922.0    3846.0
   33220.0    3404.0
   33589.0    2812.0
   33937.0    2008.0
   34341.0    1392.0
   34751.0     715.0
   35442.0     138.0
   36164.0      79.0

  45  210285  1200  1213 1 1 2  47 : SET No 00001
   21466.0    7897.0
   21573.0    8047.0
   21791.0    8262.0
   22091.0    8456.0
   22293.0    8782.0
   22461.0    9025.0
   22534.0    9234.0
   22892.0    9680.0
   22997.0    9942.0
   23003.0   10225.0
   22980.0   10401.0
   23004.0   10640.0
   23062.0   10916.0
   22980.0   11539.0
   22919.0   11867.0
   22815.0   12225.0
   22686.0   12550.0
   22595.0   12942.0
   22531.0   13456.0
   22484.0   13704.0
   22435.0   14054.0
   22205.0   14318.0
   21946.0   14658.0
   21715.0   15102.0
   21507.0   15401.0
   21318.0   15640.0
   21067.0   15929.0
   20878.0   16196.0
   20450.0   16637.0
   20323.0   16845.0
   19943.0   17200.0
   19583.0   17580.0
   19218.0   17993.0
   18953.0   18204.0
   18717.0   18561.0
   18458.0   18911.0
   18216.0   19164.0
   17993.0   19408.0
   17710.0   19731.0
   17384.0   20171.0
   17067.0   20484.0
   16775.0   20859.0
   16478.0   21252.0
   16143.0   21751.0
   15884.0   22135.0
   15583.0   22499.0
   15387.0   22805.0

  46  210285  1200  1217 1 1 2  67 : SET No 00001
   22373.0    9485.0
   22308.0    9599.0
   22432.0   10054.0
   22694.0   10587.0
   23041.0   11018.0
   23444.0   11493.0
   23817.0   11978.0
   24088.0   12381.0
   24449.0   12842.0
   24866.0   13284.0
   25062.0   13719.0
   25491.0   13770.0
   25585.0   13883.0
   25707.0   13914.0
   25705.0   13915.0
   25782.0   13958.0
   25951.0   13985.0
   26160.0   13898.0
   26442.0   13812.0
   26637.0   13752.0
   27067.0   13624.0
   27122.0   13592.0
   27211.0   13615.0
   27211.0   13616.0
   27210.0   13616.0
   27333.0   13715.0
   27412.0   13876.0
   27558.0   14014.0
   27671.0   14092.0
   27814.0   14178.0
   28025.0   14451.0
   28113.0   14984.0
   28399.0   15368.0
   28557.0   15784.0
   28869.0   16026.0
   28953.0   16064.0
   29006.0   16123.0
   29078.0   16157.0
   29076.0   16158.0
   29072.0   16162.0
   29014.0   16329.0
   29123.0   16476.0
   29183.0   16651.0
   29223.0   17126.0
   29106.0   17449.0
   29073.0   17712.0
   29007.0   17989.0
   28906.0   18271.0
   28819.0   18399.0
   28738.0   18474.0
   28740.0   18705.0
   28766.0   18762.0
   28822.0   18804.0
   29136.0   18859.0
   29597.0   18711.0
   29903.0   18753.0
   30255.0   18862.0
   30571.0   19031.0
   31003.0   19332.0
   31371.0   19537.0
   31545.0   19708.0
   31919.0   19894.0
   32260.0   20078.0
   32520.0   20227.0
   32792.0   20426.0
   33021.0   20609.0
   33303.0   20857.0

  47  220285  1418  1429 1 1 2  49 : SET No 00001
   25048.0   10830.0
   24692.0   10683.0
   24369.0   10561.0
   24141.0   10374.0
   23767.0   10145.0
   23356.0    9981.0
   22977.0    9710.0
   22518.0    9674.0
   21997.0    9352.0
   21546.0    9089.0
   20937.0    8882.0
   20148.0    8744.0
   19592.0    8717.0
   19108.0    9078.0
   18613.0    9468.0
   18204.0    9816.0
   17666.0   10403.0
   17193.0   10862.0
   17111.0   11200.0
   17018.0   11451.0
   16935.0   11506.0
   16810.0   11693.0
   16488.0   12071.0
   16173.0   12211.0
   16174.0   12210.0
   16133.0   12300.0
   15929.0   12469.0
   15661.0   12759.0
   15356.0   13147.0
   15213.0   13292.0
   15130.0   13321.0
   15058.0   13360.0
   14729.0   13297.0
   14261.0   13153.0
   13753.0   13403.0
   13373.0   13773.0
   13035.0   14265.0
   12731.0   14719.0
   12470.0   15158.0
   12023.0   15771.0
   11698.0   16174.0
   11226.0   16753.0
   10715.0   17216.0
   10281.0   17635.0
    9858.0   17982.0
    9332.0   18372.0
    8822.0   18683.0
    8302.0   19044.0
    7888.0   19264.0

  48  220285  1434  1441 1 1 2  30 : SET No 00001
   20086.0   12307.0
   19902.0   12478.0
   19702.0   12602.0
   19446.0   12755.0
   19108.0   12837.0
   18825.0   13096.0
   18510.0   13327.0
   18054.0   13643.0
   17736.0   13890.0
   17307.0   14190.0
   16929.0   14563.0
   16573.0   14852.0
   16262.0   15153.0
   15914.0   15579.0
   15676.0   16026.0
   15380.0   16281.0
   15070.0   16533.0
   14735.0   16889.0
   14412.0   17155.0
   14163.0   17471.0
   13887.0   17856.0
   13616.0   18325.0
   13371.0   18702.0
   13167.0   19145.0
   12971.0   19557.0
   12818.0   19879.0
   12699.0   20270.0
   12647.0   20573.0
   12535.0   20918.0
   12490.0   21185.0

  49  260285  1253  1258 1 1 2  23 : SET No 00001
   25610.0     939.0
   26118.0    1177.0
   26773.0    1641.0
   27447.0    2117.0
   28198.0    2718.0
   28919.0    3236.0
   29466.0    3733.0
   30100.0    4151.0
   30695.0    4504.0
   30848.0    4643.0
   31263.0    4969.0
   31869.0    5271.0
   32465.0    5692.0
   33168.0    6158.0
   33723.0    6626.0
   34269.0    7172.0
   34887.0    7735.0
   35161.0    8027.0
   35295.0    8224.0
   35635.0    8676.0
   35954.0    9084.0
   36444.0    9643.0
   36927.0   10117.0

  50  260285  1313  1318 1 1 2  19 : SET No 00001
   21315.0   21852.0
   20758.0   21683.0
   20107.0   21499.0
   19515.0   21367.0
   18893.0   21150.0
   18142.0   20923.0
   17343.0   20631.0
   16575.0   20358.0
   15743.0   20089.0
   14848.0   20043.0
   14111.0   19979.0
   13390.0   19775.0
   12677.0   19521.0
   11897.0   19265.0
   11082.0   19097.0
   10137.0   18919.0
    9323.0   18770.0
    8687.0   18614.0
    8082.0   18407.0

  51  260285  1301  1304 1 1 2  13 : SET No 00001
   27000.0   19899.0
   27010.0   20302.0
   27010.0   20422.0
   27089.0   20617.0
   27212.0   20915.0
   27394.0   21188.0
   27520.0   21505.0
   27596.0   21886.0
   27659.0   22340.0
   27783.0   22645.0
   27866.0   22900.0
   27983.0   23212.0
   28129.0   23596.0

  52   60385  1240  1248 2 2 1  30 : SET No 00001
   16942.0   21164.0
   16701.0   21478.0
   16448.0   21480.0
   16110.0   21412.0
   15898.0   21095.0
   15931.0   20531.0
   15895.0   20086.0
   15877.0   19659.0
   15926.0   19428.0
   16005.0   19215.0
   16226.0   18899.0
   16113.0   18575.0
   15523.0   18395.0
   14916.0   18273.0
   14557.0   18109.0
   14385.0   17513.0
   14482.0   16580.0
   14411.0   16294.0
   14274.0   15657.0
   14456.0   15161.0
   14621.0   14193.0
   14071.0   13711.0
   12683.0   13635.0
   11757.0   13403.0
   10835.0   13540.0
   10605.0   13601.0
   10605.0   13601.0
   10220.0   13615.0
    9452.0   13823.0
    8626.0   13927.0

  53   60385  1240  1253 2 2 1  52 : SET No 00001
   26489.0   14891.0
   26388.0   14960.0
   26388.0   14959.0
   26356.0   15008.0
   26363.0   15138.0
   26400.0   15230.0
   26557.0   15399.0
   26660.0   15468.0
   26714.0   14742.0
   26596.0   14473.0
   26428.0   14314.0
   26119.0   14407.0
   26086.0   14686.0
   26086.0   14686.0
   25956.0   15078.0
   25940.0   15422.0
   26252.0   15694.0
   26432.0   15429.0
   26826.0   15106.0
   27281.0   15167.0
   27706.0   15016.0
   28043.0   14876.0
   28178.0   14455.0
   28132.0   14262.0
   28132.0   14262.0
   28132.0   14262.0
   28132.0   14262.0
   28083.0   13738.0
   28083.0   13738.0
   28074.0   12803.0
   28137.0   12586.0
   28443.0   12500.0
   28910.0   12784.0
   29248.0   13164.0
   29587.0   13480.0
   29711.0   14056.0
   29882.0   14411.0
   30217.0   14826.0
   30330.0   15220.0
   30391.0   15475.0
   30457.0   15983.0
   30714.0   16426.0
   31277.0   16814.0
   32158.0   17376.0
   32613.0   17670.0
   33119.0   18103.0
   33797.0   18416.0
   34240.0   18160.0
   34639.0   17986.0
   35324.0   18042.0
   36241.0   18093.0
   36746.0   17794.0

  54   60385  1323  1335 2 2 1  43 : SET No 00001
   21427.0   15472.0
   21580.0   15458.0
   21796.0   15532.0
   22368.0   15603.0
   22645.0   15075.0
   23035.0   14422.0
   23268.0   13962.0
   23486.0   13527.0
   23703.0   12789.0
   24115.0   12192.0
   24530.0   11797.0
   24300.0   11444.0
   24239.0   10843.0
   24657.0   10486.0
   25003.0   10331.0
   25354.0   10268.0
   25625.0   10254.0
   25822.0   10215.0
   26313.0   10200.0
   26247.0    9627.0
   26011.0    9024.0
   26480.0    8211.0
   26637.0    8149.0
   27069.0    8286.0
   27158.0    7741.0
   27429.0    7602.0
   28166.0    7304.0
   28349.0    6904.0
   28467.0    6401.0
   29420.0    6033.0
   30136.0    5994.0
   30332.0    5438.0
   29959.0    4944.0
   29300.0    4547.0
   28556.0    4384.0
   27724.0    3962.0
   26582.0    3506.0
   25686.0    2853.0
   24768.0    2397.0
   23741.0    1830.0
   23022.0     799.0
   22381.0     100.0
   21885.0      54.0

  55   70385  1314  1319 2 2 1  20 : SET No 00001
   19062.0   14509.0
   18260.0   13955.0
   17021.0   13825.0
   15641.0   13762.0
   14866.0   13417.0
   13683.0   13067.0
   12638.0   12933.0
   11668.0   12936.0
   11258.0   11989.0
   11459.0   11433.0
   11813.0   11486.0
   11914.0   11691.0
   11924.0   11985.0
   11873.0   12102.0
   11715.0   12089.0
   11636.0   12023.0
   11636.0   12023.0
   11636.0   12022.0
   11635.0   12023.0
   11636.0   12023.0

  56   70385  1415  1422 2 2 1  26 : SET No 00001
   20417.0   17396.0
   20458.0   17748.0
   20672.0   18049.0
   20940.0   18374.0
   21057.0   19116.0
   21298.0   19589.0
   21387.0   19714.0
   21521.0   19832.0
   21654.0   20031.0
   22292.0   20228.0
   23071.0   20402.0
   23899.0   20691.0
   25028.0   20665.0
   25926.0   21322.0
   26672.0   21312.0
   27729.0   21375.0
   28789.0   21176.0
   30003.0   20996.0
   30525.0   20562.0
   30905.0   19720.0
   31811.0   18859.0
   32795.0   18364.0
   33729.0   17521.0
   34434.0   16549.0
   34989.0   15341.0
   35171.0   14317.0

  57   70385  1332  1341 2 2 1  34 : SET No 00001
   22180.0   15783.0
   22752.0   16137.0
   23368.0   16320.0
   23882.0   16510.0
   24185.0   16333.0
   24518.0   16062.0
   24830.0   15733.0
   25600.0   15532.0
   26534.0   16075.0
   27350.0   16073.0
   27762.0   15887.0
   27885.0   15494.0
   27874.0   15395.0
   28040.0   15165.0
   28305.0   15082.0
   28464.0   14551.0
   28565.0   14062.0
   29000.0   13904.0
   29874.0   14539.0
   30039.0   14888.0
   30344.0   15371.0
   31174.0   15426.0
   31633.0   15321.0
   32103.0   14987.0
   32292.0   14700.0
   32324.0   14495.0
   32308.0   14326.0
   32183.0   14082.0
   32034.0   13867.0
   31870.0   13675.0
   31776.0   13583.0
   31777.0   13583.0
   31776.0   13585.0
   31777.0   13586.0

  58   70385  1348  1402 2 2 1  44 : SET No 00001
   19545.0   14368.0
   18573.0   14898.0
   18430.0   14922.0
   18292.0   14950.0
   17914.0   14910.0
   17936.0   14562.0
   17934.0   14566.0
   17932.0   14569.0
   18167.0   14292.0
   18291.0   13856.0
   18280.0   13460.0
   18172.0   13365.0
   18048.0   13307.0
   18203.0   13009.0
   18417.0   12540.0
   18296.0   12149.0
   18150.0   11852.0
   18507.0   11490.0
   18726.0   11133.0
   18684.0   10498.0
   18065.0   10433.0
   17538.0   10706.0
   17269.0   10819.0
   16872.0   10491.0
   16696.0   10046.0
   16700.0    9577.0
   16700.0    9578.0
   16699.0    9580.0
   16898.0    9241.0
   17136.0    8930.0
   17227.0    8570.0
   16964.0    8201.0
   16527.0    8001.0
   15692.0    7749.0
   15170.0    7324.0
   14941.0    6596.0
   15240.0    5792.0
   15477.0    5019.0
   15636.0    4442.0
   15717.0    3595.0
   15553.0    3056.0
   15668.0    2359.0
   15824.0    1879.0
   15865.0    1743.0
   