
 132   10585  1057  1105 2 1 1  31 : SET No 00001
   22480.0   15001.0
   23311.0   15048.0
   23720.0   14533.0
   23232.0   13894.0
   22884.0   13308.0
   22421.0   12831.0
   22133.0   12575.0
   21661.0   11901.0
   21355.0   11248.0
   21902.0   10927.0
   22502.0   10703.0
   23107.0   10430.0
   23587.0   10302.0
   23814.0   10347.0
   24502.0    9961.0
   25233.0    9628.0
   25603.0    9342.0
   25546.0    8707.0
   25959.0    7864.0
   26776.0    7491.0
   28007.0    7853.0
   28793.0    7695.0
   29596.0    8331.0
   30106.0    8508.0
   30107.0    8508.0
   30107.0    8508.0
   30487.0    8591.0
   31330.0    8506.0
   31951.0    8079.0
   32889.0    8052.0
   33781.0    7788.0

 133   10585  1121  1132 2 1 1  42 : SET No 00001
   16682.0   19111.0
   17316.0   18949.0
   17963.0   19050.0
   18435.0   19469.0
   17265.0   19091.0
   16416.0   18410.0
   15239.0   18425.0
   14635.0   19457.0
   15844.0   19613.0
   17233.0   20040.0
   18115.0   20283.0
   19358.0   20014.0
   19549.0   20051.0
   19604.0   20266.0
   19568.0   20477.0
   19749.0   20639.0
   19959.0   21154.0
   20364.0   21377.0
   20627.0   21523.0
   20451.0   21926.0
   20452.0   22265.0
   20437.0   22597.0
   20571.0   22839.0
   21007.0   22863.0
   21417.0   22626.0
   21682.0   22477.0
   21902.0   22486.0
   22307.0   22213.0
   22523.0   21997.0
   22789.0   21858.0
   23135.0   21813.0
   23135.0   21814.0
   23252.0   21810.0
   23367.0   22188.0
   23298.0   22668.0
   23519.0   23124.0
   23859.0   22999.0
   24192.0   22327.0
   24786.0   21783.0
   25294.0   21722.0
   25532.0   21601.0
   25729.0   21599.0

 133   10585  1121  1132 2 1 1  12 : SET No 00002
   17376.0   19062.0
   17019.0   18919.0
   16177.0   18355.0
   15028.0   18291.0
   14089.0   18517.0
   13130.0   19138.0
   13281.0   19885.0
   14051.0   20302.0
   14739.0   20166.0
   15364.0   19687.0
   15338.0   19612.0
   15234.0   19307.0

 134   10585  1133  1141 2 1 1  33 : SET No 00001
   28880.0   16883.0
   30953.0   17071.0
   30743.0   16532.0
   29719.0   16871.0
   29023.0   17553.0
   28330.0   18273.0
   28331.0   18275.0
   28333.0   18276.0
   28100.0   18066.0
   27559.0   18256.0
   27336.0   18800.0
   27813.0   19145.0
   28410.0   19077.0
   28929.0   19503.0
   29278.0   20413.0
   29230.0   20611.0
   29068.0   20730.0
   28513.0   21037.0
   28031.0   21333.0
   27622.0   20988.0
   27169.0   21207.0
   26772.0   21765.0
   26909.0   22639.0
   27365.0   23115.0
   28205.0   23137.0
   29083.0   22773.0
   29823.0   22517.0
   30531.0   22366.0
   31289.0   22918.0
   31689.0   23274.0
   32221.0   23040.0
   32621.0   22620.0
   33282.0   22228.0

 134   10585  1133  1141 2 1 1   1 : SET No 00002
   28425.0   17331.0

 134   10585  1133  1141 2 1 1  14 : SET No 00003
   27651.0   18402.0
   26659.0   18723.0
   25231.0   19297.0
   24479.0   19610.0
   23400.0   19925.0
   22839.0   19170.0
   22520.0   18349.0
   22256.0   17284.0
   22907.0   16693.0
   23546.0   16886.0
   24018.0   16766.0
   24710.0   16332.0
   24748.0   15914.0
   24782.0   15741.0

 135   10585  1208  1220 1 1 1  46 : SET No 00001
   19437.0   12736.0
   19191.0   12022.0
   19547.0   11647.0
   19832.0   10975.0
   19458.0   10772.0
   18850.0   10765.0
   18193.0   10768.0
   18007.0   10584.0
   17851.0   10232.0
   17813.0    9519.0
   17115.0    9365.0
   16423.0    9091.0
   15850.0    8883.0
   15247.0    9338.0
   14767.0    9751.0
   14430.0   10016.0
   14028.0   10307.0
   13783.0   10470.0
   13549.0   10467.0
   13192.0   10572.0
   12872.0   10658.0
   13091.0   10845.0
   13596.0   10781.0
   13922.0   10494.0
   14177.0   10273.0
   14342.0    9943.0
   13972.0    9934.0
   13332.0    9950.0
   12953.0   10197.0
   12566.0   10296.0
   12227.0   10261.0
   11843.0   10296.0
   11536.0   10311.0
   11352.0   10655.0
   11342.0   10933.0
   11458.0   11131.0
   11573.0   11130.0
   11862.0   11139.0
   12113.0   11341.0
   12338.0   11536.0
   12696.0   11491.0
   12903.0   11406.0
   13202.0   11307.0
   13616.0   11281.0
   13872.0   11304.0
   14204.0   11254.0

 135   10585  1208  1220 1 1 1   4 : SET No 00002
   13940.0   10798.0
   13956.0   11926.0
   13981.0   12877.0
   14005.0   13458.0

 135   10585  1208  1220 1 1 1   5 : SET No 00003
   12042.0    9844.0
   12059.0    9107.0
   12452.0    7716.0
   13615.0    7516.0
   14102.0    7377.0

 136   10585  1222  1231 1 1 1  38 : SET No 00001
   30043.0   14297.0
   29251.0   14689.0
   29340.0   15082.0
   29953.0   14981.0
   29909.0   14500.0
   30024.0   14084.0
   30487.0   13988.0
   30593.0   13753.0
   30221.0   13496.0
   29611.0   13261.0
   28811.0   13043.0
   28525.0   13698.0
   28653.0   14083.0
   28768.0   14375.0
   28959.0   14873.0
   29250.0   15076.0
   29725.0   15086.0
   29360.0   15364.0
   28684.0   15545.0
   28465.0   15748.0
   27933.0   15724.0
   27471.0   15595.0
   27212.0   15281.0
   26813.0   15158.0
   26710.0   15822.0
   26701.0   16166.0
   26788.0   16235.0
   26830.0   16470.0
   26639.0   16763.0
   26520.0   16851.0
   26354.0   16954.0
   25836.0   17198.0
   25312.0   17464.0
   25326.0   17770.0
   26140.0   17645.0
   26574.0   17553.0
   26935.0   17407.0
   27419.0   17090.0

 137   20585  1101  1108 2 1 1  27 : SET No 00001
   19573.0   25468.0
   19711.0   25542.0
   19901.0   25577.0
   20266.0   25651.0
   20526.0   25492.0
   20542.0   25183.0
   20378.0   24670.0
   20373.0   24219.0
   20518.0   23897.0
   20369.0   23279.0
   19881.0   23106.0
   19468.0   23037.0
   19108.0   22780.0
   18237.0   22770.0
   17384.0   22804.0
   16500.0   23078.0
   15743.0   24027.0
   14855.0   24722.0
   13742.0   25354.0
   12492.0   25378.0
   11834.0   24484.0
   12021.0   24120.0
   11804.0   23483.0
   11768.0   22812.0
   11023.0   21854.0
    9953.0   22141.0
    9079.0   22203.0

 138   20585  1110  1113 2 1 1  11 : SET No 00001
   17344.0   27690.0
   16457.0   25050.0
   17267.0   21821.0
   19129.0   20000.0
   17563.0   19237.0
   16018.0   18755.0
   14356.0   18506.0
   13057.0   18654.0
   11531.0   18923.0
    9971.0   18489.0
    9027.0   18749.0

 139   20585  1120  1130 1 1 1  41 : SET No 00001
   24015.0   18469.0
   24222.0   18620.0
   24668.0   18269.0
   24773.0   18156.0
   24862.0   18191.0
   24896.0   18432.0
   24885.0   19017.0
   24816.0   19321.0
   24970.0   19707.0
   25543.0   19884.0
   25838.0   20074.0
   25458.0   20309.0
   25177.0   20812.0
   25031.0   21395.0
   24905.0   21930.0
   24969.0   22603.0
   24689.0   23030.0
   24192.0   23146.0
   23735.0   23113.0
   23413.0   23427.0
   23172.0   23729.0
   23056.0   24080.0
   23047.0   24336.0
   23022.0   24435.0
   23358.0   24497.0
   23723.0   24330.0
   24138.0   24346.0
   24582.0   24624.0
   24870.0   24747.0
   25198.0   24742.0
   25834.0   24765.0
   26144.0   24866.0
   26082.0   25019.0
   25494.0   25259.0
   25433.0   25280.0
   25185.0   25424.0
   24909.0   25798.0
   24624.0   26294.0
   24147.0   26367.0
   23713.0   26396.0
   23217.0   26546.0

 140   20585  1157  1222 1 1 1 127 : SET No 00001
   14471.0    9111.0
   13285.0    9503.0
   12814.0    9841.0
   13387.0    9835.0
   14177.0    9463.0
   14401.0    9333.0
   14986.0    9422.0
   15956.0    9243.0
   17074.0    9020.0
   17163.0    8273.0
   16382.0    8324.0
   15509.0    8792.0
   14909.0    8923.0
   14751.0    8873.0
   14143.0    9295.0
   13138.0    9163.0
   12216.0    9207.0
   11935.0    9829.0
   12356.0   10359.0
   12981.0   10090.0
   13858.0    9998.0
   14672.0    9838.0
   15389.0    9934.0
   16301.0    9590.0
   16922.0    9482.0
   17207.0    9572.0
   17360.0    9824.0
   17803.0    9935.0
   18381.0    9797.0
   18319.0    9182.0
   19077.0    8804.0
   19705.0    9228.0
   19688.0    9770.0
   19929.0   10183.0
   20614.0   10509.0
   20770.0    9834.0
   20520.0    9102.0
   20531.0    8644.0
   20304.0    8122.0
   20005.0    7720.0
   19381.0    7057.0
   18975.0    6692.0
   18202.0    6280.0
   17700.0    6323.0
   16971.0    6361.0
   16523.0    6166.0
   16118.0    5927.0
   15766.0    6028.0
   15404.0    6361.0
   15206.0    6848.0
   14842.0    7066.0
   14319.0    7046.0
   13929.0    7054.0
   13759.0    7064.0
   13759.0    7064.0
   13556.0    7137.0
   13576.0    7370.0
   14000.0    7530.0
   14581.0    7424.0
   15194.0    7413.0
   15500.0    7710.0
   15909.0    7845.0
   16283.0    8308.0
   16385.0    8640.0
   16405.0    8965.0
   16386.0    9364.0
   16115.0    9603.0
   15796.0    9910.0
   16070.0   10098.0
   16333.0   10747.0
   16451.0   11207.0
   16237.0   11533.0
   15639.0   11601.0
   14907.0   11765.0
   14312.0   11905.0
   13817.0   12006.0
   13506.0   12210.0
   13470.0   12556.0
   13668.0   12781.0
   14030.0   12975.0
   14516.0   13308.0
   14447.0   13742.0
   14001.0   14263.0
   13414.0   14673.0
   13374.0   15026.0
   13744.0   15325.0
   14344.0   14982.0
   14747.0   14647.0
   15346.0   14591.0
   15951.0   14733.0
   16443.0   14950.0
   16740.0   15361.0
   17151.0   15726.0
   17636.0   15817.0
   17862.0   15514.0
   17943.0   15074.0
   17936.0   14577.0
   17945.0   14228.0
   18372.0   14094.0
   18978.0   13853.0
   19442.0   13505.0
   19447.0   13273.0
   19587.0   13485.0
   19315.0   13822.0
   18300.0   14260.0
   18154.0   14769.0
   18673.0   14762.0
   19197.0   14126.0
   19455.0   13759.0
   19696.0   13873.0
   20074.0   13880.0
   20359.0   13217.0
   20079.0   12823.0
   19474.0   13066.0
   18644.0   13163.0
   18078.0   13315.0
   17988.0   13676.0
   17830.0   14298.0
   17599.0   14890.0
   17248.0   15491.0
   16878.0   15597.0
   16282.0   15276.0
   15926.0   15454.0
   16213.0   15791.0
   16290.0   16043.0
   16505.0   16255.0
   17172.0   16266.0

 140   20585  1157  1222 1 1 1   3 : SET No 00002
   19285.0   12475.0
   18995.0   11864.0
   18711.0   11432.0

 141   20585  1255  1318 1 1 1  95 : SET No 00001
   32577.0   12442.0
   33523.0   12185.0
   33529.0   12061.0
   33618.0   11901.0
   34038.0   12022.0
   34374.0   11884.0
   34329.0   11607.0
   33726.0   11588.0
   33095.0   11651.0
   32919.0   12148.0
   32490.0   12376.0
   32073.0   12286.0
   31261.0   12120.0
   30896.0   12552.0
   31488.0   12710.0
   31940.0   12783.0
   31940.0   12957.0
   32390.0   12797.0
   33023.0   12685.0
   33679.0   12679.0
   33717.0   12335.0
   33682.0   12127.0
   33962.0   11713.0
   33329.0   11748.0
   32745.0   11948.0
   32349.0   12395.0
   31786.0   12257.0
   31194.0   12378.0
   31016.0   12791.0
   31547.0   12977.0
   32368.0   13071.0
   33162.0   12976.0
   33894.0   12896.0
   34237.0   12402.0
   34520.0   12104.0
   34794.0   12100.0
   35179.0   12257.0
   35534.0   12047.0
   35556.0   11725.0
   35738.0   11647.0
   35504.0   11286.0
   34704.0   11561.0
   34014.0   11649.0
   32985.0   11614.0
   32337.0   12168.0
   31563.0   12081.0
   30959.0   11994.0
   30271.0   11879.0
   29847.0   11475.0
   29813.0   11003.0
   29885.0   10644.0
   29517.0   10536.0
   29253.0   10669.0
   28767.0   10539.0
   28512.0   10843.0
   28155.0   10980.0
   27659.0   11309.0
   27396.0   11615.0
   26974.0   11802.0
   26187.0   11814.0
   25500.0   11869.0
   25504.0   12256.0
   25881.0   12704.0
   26210.0   12963.0
   26646.0   12739.0
   27522.0   12516.0
   28222.0   12220.0
   28577.0   12382.0
   28859.0   12916.0
   29026.0   13194.0
   28695.0   13460.0
   28345.0   14182.0
   28595.0   14372.0
   29205.0   14201.0
   29900.0   13645.0
   30296.0   13240.0
   29827.0   13085.0
   29051.0   12925.0
   28700.0   12776.0
   28228.0   12336.0
   27289.0   12150.0
   26665.0   12224.0
   25942.0   12339.0
   25729.0   12678.0
   26108.0   13015.0
   26796.0   12808.0
   27475.0   12615.0
   28067.0   12409.0
   28495.0   12652.0
   29106.0   13132.0
   29111.0   13856.0
   29574.0   14138.0
   30032.0   14100.0
   30634.0   13733.0
   30683.0   13085.0

 142   30585  1126  1132 1 1 1  28 : SET No 00001
    8771.0   18683.0
    8961.0   18839.0
    9370.0   18845.0
   10064.0   18852.0
   10582.0   18832.0
   11316.0   18812.0
   11997.0   18721.0
   12466.0   18795.0
   13097.0   18870.0
   13675.0   19166.0
   14117.0   19578.0
   14978.0   19778.0
   15379.0   19866.0
   16117.0   20086.0
   16734.0   20462.0
   16807.0   21212.0
   17173.0   22600.0
   17822.0   23387.0
   18315.0   24315.0
   18955.0   25087.0
   20076.0   25699.0
   20674.0   25986.0
   20674.0   25989.0
   20675.0   25988.0
   21454.0   26078.0
   22399.0   26237.0
   23247.0   26286.0
   23886.0   26517.0

 144   30585  1215  1222 2 1 1  31 : SET No 00001
   20948.0    8425.0
   20263.0    8581.0
   19693.0    9053.0
   19323.0    9244.0
   19037.0    9275.0
   18756.0    9213.0
   18310.0    8864.0
   18196.0    8723.0
   17921.0    8571.0
   17589.0    8659.0
   17325.0    9422.0
   17251.0    9867.0
   17100.0   10107.0
   16787.0   10153.0
   16271.0   10097.0
   15639.0   10027.0
   14774.0   10165.0
   13908.0   10123.0
   13275.0   10021.0
   13195.0    9924.0
   13164.0    9735.0
   13643.0    9620.0
   13680.0    9474.0
   12920.0    9332.0
   12351.0    9367.0
   11696.0    9324.0
   11342.0    9383.0
   11280.0    9617.0
   10797.0    9689.0
    9867.0    9367.0
    8578.0    9069.0

 144   30585  1215  1222 2 1 1   4 : SET No 00002
   13166.0    9486.0
   12242.0    9455.0
   11279.0    9505.0
   11021.0    9911.0

 144   30585  1215  1222 2 1 1   2 : SET No 00003
    9799.0   10233.0
    8996.0   11181.0

 146   30585  1242  1256 2 1 1  57 : SET No 00001
   31430.0   13557.0
   31782.0   13475.0
   31457.0   13091.0
   31116.0   12918.0
   30800.0   13044.0
   30785.0   13513.0
   31099.0   13879.0
   31551.0   14003.0
   31801.0   13771.0
   32137.0   13454.0
   32676.0   13210.0
   32777.0   12884.0
   32663.0   12750.0
   32358.0   12699.0
   31931.0   12824.0
   31258.0   12673.0
   30636.0   12664.0
   30060.0   12588.0
   29876.0   12498.0
   29876.0   12498.0
   29680.0   12119.0
   29526.0   12050.0
   29112.0   11865.0
   28488.0   11857.0
   27361.0   12007.0
   26247.0   12024.0
   25547.0   12562.0
   25308.0   12718.0
   25783.0   12863.0
   26543.0   12704.0
   27425.0   12502.0
   28280.0   12265.0
   28878.0   12155.0
   29560.0   12170.0
   30723.0   12354.0
   31272.0   12523.0
   32388.0   12589.0
   33176.0   12902.0
   33669.0   12773.0
   33894.0   12471.0
   33937.0   12159.0
   33765.0   11860.0
   33612.0   11525.0
   33482.0   11325.0
   33229.0   10750.0
   33106.0   10379.0
   33109.0    9845.0
   32972.0    9391.0
   32944.0    8858.0
   32539.0    8374.0
   32394.0    8420.0
   32316.0    8626.0
   32111.0    8800.0
   31857.0    9167.0
   31710.0    9472.0
   31641.0    9848.0
   31520.0   10261.0

 146   30585  1242  1256 2 1 1   3 : SET No 00002
   36405.0    9476.0
   36739.0    8980.0
   36255.0    8944.0

 145   30585  1224  1230 2 1 1  27 : SET No 00001
   21721.0   18098.0
   20738.0   17715.0
   22084.0   18443.0
   22307.0   18218.0
   21617.0   18250.0
   21133.0   18017.0
   20834.0   18047.0
   20980.0   18443.0
   21297.0   18717.0
   21833.0   18748.0
   22223.0   18722.0
   22579.0   18759.0
   23093.0   18721.0
   23351.0   18544.0
   23183.0   18322.0
   22733.0   18103.0
   22323.0   17983.0
   21984.0   18037.0
   21637.0   17968.0
   21279.0   18255.0
   20985.0   18278.0
   20643.0   18352.0
   20326.0   18476.0
   20151.0   18555.0
   20023.0   18628.0
   19914.0   18732.0
   19848.0   18817.0

 147   30585  1302  1308 2 1 1  25 : SET No 00001
   22631.0   18526.0
   22133.0   17291.0
   22166.0   16676.0
   22029.0   16534.0
   21911.0   16525.0
   21934.0   16669.0
   21934.0   16669.0
   21717.0   16843.0
   21039.0   17039.0
   20481.0   17020.0
   19985.0   17190.0
   19496.0   17478.0
   19317.0   17707.0
   19164.0   17959.0
   19071.0   18148.0
   19210.0   18408.0
   19498.0   18396.0
   19886.0   18099.0
   20378.0   17863.0
   20988.0   17556.0
   21428.0   17316.0
   21753.0   17171.0
   21971.0   16984.0
   22063.0   16856.0
   22121.0   16802.0

 147   30585  1302  1308 2 1 1   6 : SET No 00002
   19673.0   19948.0
   19318.0   20367.0
   18056.0   20708.0
   17099.0   20921.0
   15954.0   20981.0
   14323.0   20749.0

 143   30585  1142  1202 1 1 1  80 : SET No 00001
   21098.0   17605.0
   21700.0   17941.0
   22368.0   18058.0
   22060.0   17354.0
   22181.0   16452.0
   21837.0   16053.0
   21262.0   16821.0
   20835.0   17603.0
   21700.0   18127.0
   22439.0   18572.0
   22901.0   18638.0
   23248.0   18116.0
   23826.0   18194.0
   24419.0   17973.0
   24183.0   17473.0
   24182.0   17473.0
   24182.0   17473.0
   24182.0   17473.0
   24202.0   17225.0
   24245.0   16724.0
   23952.0   16557.0
   23430.0   16429.0
   22974.0   16208.0
   23265.0   15682.0
   23630.0   15302.0
   24007.0   15448.0
   24588.0   15382.0
   25083.0   15593.0
   25529.0   15543.0
   25702.0   15056.0
   25379.0   14726.0
   24825.0   14718.0
   24304.0   14846.0
   23740.0   15145.0
   23141.0   15274.0
   22653.0   15014.0
   22465.0   14671.0
   22426.0   14101.0
   21804.0   14236.0
   21369.0   14318.0
   20955.0   14116.0
   20559.0   14300.0
   20646.0   14811.0
   20886.0   15124.0
   21217.0   15484.0
   21651.0   16073.0
   21796.0   16635.0
   21688.0   16821.0
   21574.0   16926.0
   21294.0   17111.0
   20993.0   17602.0
   20892.0   17729.0
   20685.0   17508.0
   20147.0   17712.0
   20310.0   18225.0
   21080.0   18350.0
   21842.0   18442.0
   22585.0   18839.0
   22458.0   19364.0
   22760.0   19377.0
   23177.0   18856.0
   23693.0   18543.0
   24183.0   18351.0
   24798.0   18226.0
   25367.0   18134.0
   25932.0   18153.0
   26372.0   17973.0
   26200.0   17328.0
   25717.0   16938.0
   25179.0   16767.0
   25008.0   16302.0
   25070.0   15957.0
   25721.0   15483.0
   26541.0   15416.0
   27432.0   15250.0
   28132.0   15185.0
   28709.0   15328.0
   28888.0   15567.0
   29008.0   15850.0
   28906.0   16087.0

 148   40585  1134  1143 2 1 1  35 : SET No 00001
   21137.0   15846.0
   21263.0   15618.0
   21750.0   15763.0
   22518.0   16344.0
   22518.0   16343.0
   22519.0   16344.0
   22519.0   16344.0
   23004.0   16659.0
   23476.0   16169.0
   23624.0   15696.0
   24239.0   14472.0
   25656.0   13513.0
   26505.0   12832.0
   26327.0   11745.0
   26418.0   10663.0
   26308.0    9611.0
   26038.0    9134.0
   25529.0    8913.0
   24474.0    8894.0
   23778.0    8594.0
   23256.0    8157.0
   22190.0    8437.0
   20825.0    7829.0
   20378.0    7815.0
   19531.0    7921.0
   17887.0    7602.0
   16207.0    7459.0
   15616.0    7527.0
   14835.0    7589.0
   13899.0    7480.0
   13028.0    7289.0
   12303.0    6493.0
   10776.0    5597.0
    9984.0    5193.0
    9252.0    5380.0

 150   40585  1200  1208 1 1 1  33 : SET No 00001
   23479.0   21243.0
   24526.0   20379.0
   25092.0   20259.0
   25718.0   20173.0
   26312.0   20228.0
   26813.0   20250.0
   27155.0   20010.0
   27401.0   20084.0
   27362.0   20424.0
   27557.0   20813.0
   27652.0   21183.0
   27884.0   21603.0
   28488.0   21640.0
   28711.0   21549.0
   29201.0   21641.0
   29575.0   20985.0
   29983.0   20338.0
   30523.0   20021.0
   31211.0   20034.0
   32148.0   19690.0
   32371.0   18918.0
   32485.0   18705.0
   32854.0   19182.0
   33542.0   20085.0
   34471.0   20705.0
   34554.0   21147.0
   34848.0   21312.0
   34980.0   21702.0
   35624.0   22028.0
   36045.0   22377.0
   36542.0   22735.0
   36796.0   22494.0
   37142.0   22083.0

 152   40585  1247  1303 1 1 1  64 : SET No 00001
   10780.0   23325.0
   10515.0   23207.0
   10724.0   22987.0
   10941.0   22770.0
   11113.0   22571.0
   11187.0   22324.0
   11095.0   22141.0
   11052.0   21836.0
   11067.0   21487.0
   11080.0   21222.0
   11226.0   20930.0
   11359.0   20770.0
   11922.0   20703.0
   12421.0   21201.0
   13130.0   21070.0
   13667.0   21034.0
   14110.0   21109.0
   14702.0   20324.0
   15716.0   20669.0
   15824.0   20157.0
   15511.0   19817.0
   15183.0   20108.0
   14711.0   20553.0
   14335.0   21010.0
   13952.0   21509.0
   14462.0   22307.0
   15342.0   22772.0
   16030.0   22779.0
   16523.0   22374.0
   16798.0   21894.0
   17075.0   21572.0
   17248.0   21109.0
   17086.0   20456.0
   17044.0   20079.0
   17008.0   19995.0
   16910.0   19886.0
   16737.0   19598.0
   16587.0   19118.0
   16404.0   18765.0
   16195.0   18418.0
   15771.0   18252.0
   15205.0   18138.0
   14943.0   17858.0
   15333.0   17474.0
   15766.0   17257.0
   16170.0   17284.0
   16638.0   17225.0
   17107.0   16961.0
   16934.0   16641.0
   16649.0   16492.0
   16300.0   16861.0
   15759.0   17178.0
   15097.0   17397.0
   14626.0   17391.0
   14157.0   17606.0
   14107.0   17698.0
   14325.0   18209.0
   14453.0   18850.0
   14578.0   19131.0
   15137.0   18800.0
   15489.0   18947.0
   15218.0   19622.0
   15052.0   20470.0
   14906.0   20900.0

 152   40585  1247  1303 1 1 1   7 : SET No 00002
   13346.0   20878.0
   14127.0   20482.0
   15465.0   19885.0
   16641.0   19498.0
   17408.0   19121.0
   18129.0   18540.0
   18232.0   18438.0

 152   40585  1247  1303 1 1 1   3 : SET No 00003
   14517.0   18821.0
   14718.0   19025.0
   14235.0   18966.0

 152   40585  1247  1303 1 1 1   2 : SET No 00004
   12710.0   19291.0
   12036.0   19532.0

 151   40585  1216  1234 1 1 1  73 : SET No 00001
   20833.0   15862.0
   20246.0   15760.0
   20457.0   16084.0
   21165.0   15767.0
   21669.0   15319.0
   22553.0   15620.0
   22099.0   15638.0
   21561.0   15530.0
   22662.0   15789.0
   23356.0   15645.0
   23063.0   14685.0
   22310.0   13936.0
   21718.0   14139.0
   21230.0   14679.0
   21210.0   15252.0
   21607.0   15933.0
   21969.0   16684.0
   22520.0   16924.0
   23086.0   16831.0
   23447.0   16637.0
   23918.0   16557.0
   23776.0   17070.0
   24014.0   17304.0
   24336.0   16865.0
   24694.0   16380.0
   25091.0   15820.0
   25159.0   15551.0
   25030.0   15086.0
   24285.0   14982.0
   23755.0   14740.0
   23557.0   14339.0
   23631.0   13726.0
   23379.0   13121.0
   22892.0   12941.0
   22572.0   12654.0
   22174.0   12047.0
   21872.0   11859.0
   21699.0   11875.0
   21320.0   11444.0
   21217.0   11094.0
   21275.0   10727.0
   20952.0   10707.0
   20530.0   10856.0
   20043.0   11231.0
   19804.0   11713.0
   19399.0   11920.0
   19372.0   12211.0
   19559.0   12277.0
   19984.0   12282.0
   20531.0   12492.0
   21042.0   12603.0
   21565.0   13097.0
   21712.0   13753.0
   21449.0   14372.0
   21433.0   15189.0
   21322.0   15935.0
   21640.0   16924.0
   21701.0   17528.0
   21949.0   18181.0
   22050.0   18503.0
   21831.0   18864.0
   21820.0   19051.0
   22237.0   19608.0
   22202.0   20027.0
   22226.0   20148.0
   22332.0   20132.0
   22660.0   20451.0
   23005.0   21082.0
   23026.0   21681.0
   22732.0   22161.0
   22419.0   22683.0
   22397.0   23350.0
   22264.0   24043.0

 151   40585  1216  1234 1 1 1   2 : SET No 00002
   22846.0   19261.0
   22228.0   18713.0

 149   40585  1147  1153 1 1 1  25 : SET No 00001
   23516.0   16931.0
   24394.0   15762.0
   25126.0   15290.0
   26165.0   15673.0
   25658.0   16288.0
   23580.0   16571.0
   23021.0   17509.0
   21901.0   18115.0
   20651.0   18223.0
   20428.0   18959.0
   21593.0   19031.0
   23536.0   18243.0
   24194.0   17232.0
   24816.0   16438.0
   25007.0   15813.0
   24655.0   14933.0
   22531.0   14879.0
   21124.0   15249.0
   20491.0   16006.0
   20296.0   17387.0
   18827.0   18747.0
   16866.0   19370.0
   16315.0   19643.0
   15220.0   19657.0
   14095.0   19443.0

 149   40585  1147  1153 1 1 1   5 : SET No 00002
   25981.0   16028.0
   26476.0   15879.0
   27991.0   15687.0
   29259.0   15667.0
   29821.0   15857.0

 153   40585  1321  1345 1 1 1  96 : SET No 00001
   21181.0   17059.0
   19260.0   17025.0
   19113.0   17449.0
   19848.0   17438.0
   20815.0   16931.0
   20609.0   16334.0
   20008.0   16036.0
   19368.0   16123.0
   19028.0   16317.0
   18404.0   16309.0
   17752.0   16459.0
   17771.0   17212.0
   17996.0   17501.0
   18607.0   17635.0
   19207.0   17593.0
   19761.0   17522.0
   20351.0   17317.0
   20471.0   17193.0
   20603.0   17145.0
   21319.0   17108.0
   21926.0   17041.0
   21444.0   16406.0
   20552.0   16605.0
   20154.0   16530.0
   19907.0   16122.0
   19038.0   16121.0
   18813.0   16683.0
   18373.0   16966.0
   17589.0   17111.0
   17219.0   17141.0
   17463.0   17605.0
   18265.0   17689.0
   18868.0   17555.0
   19450.0   17380.0
   19944.0   17603.0
   20497.0   17343.0
   20626.0   17311.0
   20943.0   17451.0
   21204.0   17550.0
   21767.0   17196.0
   22264.0   17303.0
   22736.0   17144.0
   22129.0   16619.0
   21282.0   16326.0
   21028.0   16128.0
   21144.0   15636.0
   21258.0   15128.0
   21712.0   15054.0
   22229.0   15078.0
   22679.0   15209.0
   22733.0   14619.0
   22896.0   14198.0
   22049.0   14204.0
   21228.0   14345.0
   20766.0   14479.0
   20484.0   14811.0
   20422.0   15152.0
   20309.0   15722.0
   20010.0   16148.0
   19133.0   16690.0
   19621.0   17174.0
   20299.0   17542.0
   20130.0   17712.0
   20334.0   17767.0
   21023.0   17623.0
   21964.0   17392.0
   22581.0   17661.0
   22862.0   18000.0
   22841.0   18087.0
   22841.0   18088.0
   22841.0   18087.0
   22841.0   18087.0
   22841.0   18086.0
   22891.0   18306.0
   22966.0   18878.0
   23064.0   19338.0
   23057.0   19662.0
   23057.0   19661.0
   23057.0   19661.0
   23057.0   19661.0
   22503.0   19826.0
   22102.0   20096.0
   22038.0   20551.0
   22812.0   20760.0
   23425.0   20864.0
   23793.0   20882.0
   23942.0   20933.0
   24134.0   21298.0
   24405.0   21751.0
   24405.0   21751.0
   24622.0   21797.0
   24749.0   21704.0
   24644.0   21449.0
   24309.0   21351.0
   24036.0   21280.0
   23834.0   21127.0

 153   40585  1321  1345 1 1 1   6 : SET No 00002
   23267.0   19929.0
   23680.0   20390.0
   24852.0   20724.0
   25608.0   21524.0
   25594.0   21936.0
   25457.0   21935.0

 153   40585  1321  1345 1 1 1   4 : SET No 00003
   25534.0   20558.0
   25555.0   19560.0
   25361.0   19364.0
   25015.0   19423.0

 154   50585  1205  1214 1 1 1  37 : SET No 00001
   23171.0   17699.0
   22689.0   17934.0
   22370.0   18363.0
   21870.0   18886.0
   21435.0   19185.0
   20868.0   19303.0
   20399.0   19349.0
   19977.0   19446.0
   19837.0   19639.0
   20195.0   19933.0
   20726.0   20485.0
   21287.0   21167.0
   21853.0   21884.0
   22339.0   22574.0
   22817.0   22980.0
   23478.0   23002.0
   24287.0   22837.0
   24979.0   22606.0
   25745.0   22543.0
   26367.0   22583.0
   27077.0   22560.0
   27445.0   22546.0
   27610.0   22557.0
   28089.0   22509.0
   28640.0   22307.0
   29312.0   21982.0
   29989.0   21988.0
   30641.0   22145.0
   31156.0   22353.0
   31746.0   22440.0
   32256.0   22347.0
   32850.0   22138.0
   33375.0   21907.0
   34129.0   21794.0
   34922.0   21766.0
   35597.0   21808.0
   36219.0   21867.0

 156   50585  1250  1259 1 1 1  34 : SET No 00001
   23171.0   11875.0
   23303.0   11848.0
   23506.0   11748.0
   23603.0   11654.0
   23784.0   11454.0
   23917.0   11569.0
   24289.0   11804.0
   24511.0   12102.0
   24533.0   12369.0
   24623.0   12286.0
   24785.0   12227.0
   25304.0   11876.0
   25972.0   11680.0
   26530.0   11477.0
   26997.0   11406.0
   27741.0   11355.0
   28010.0   11489.0
   28112.0   11618.0
   29631.0   11319.0
   30372.0   11392.0
   30820.0   11301.0
   31316.0   11176.0
   31762.0   11157.0
   32095.0   11069.0
   32526.0   10658.0
   32735.0   10786.0
   33197.0   10837.0
   33499.0   10776.0
   34145.0   10332.0
   34851.0   10430.0
   35408.0   10648.0
   35941.0   10655.0
   36303.0   10917.0
   36661.0   10832.0

 156   50585  1250  1259 1 1 1   2 : SET No 00002
   29168.0   11432.0
   29977.0   11288.0

 156   50585  1250  1259 1 1 1   4 : SET No 00003
   30981.0   10807.0
   32200.0   10726.0
   33189.0   10644.0
   33677.0   10686.0

 156   50585  1250  1259 1 1 1   3 : SET No 00004
   34181.0   10988.0
   34824.0   12207.0
   34938.0   12880.0

 158   50585  1332  1344 1 1 1  45 : SET No 00001
   12910.0    6877.0
   12894.0    7066.0
   12712.0    7303.0
   12153.0    7216.0
   11704.0    7612.0
   11713.0    7977.0
   12316.0    8854.0
   12856.0    9167.0
   13415.0    8789.0
   13801.0    8480.0
   13923.0    7900.0
   13933.0    7514.0
   14118.0    7300.0
   14680.0    7352.0
   15123.0    7370.0
   15254.0    7336.0
   16091.0    7505.0
   16921.0    7755.0
   16895.0    7894.0
   17154.0    7968.0
   17615.0    7806.0
   18240.0    7258.0
   18911.0    7512.0
   19590.0    7158.0
   20325.0    6816.0
   21138.0    7101.0
   21859.0    6766.0
   21183.0    6472.0
   20351.0    6375.0
   19673.0    6638.0
   19117.0    7053.0
   19344.0    7473.0
   19711.0    7687.0
   19925.0    7781.0
   20454.0    7759.0
   21002.0    7725.0
   21632.0    7584.0
   21987.0    7489.0
   22402.0    7330.0
   22764.0    7187.0
   23320.0    7120.0
   23879.0    7220.0
   24315.0    7326.0
   25031.0    7253.0
   25350.0    7310.0

 158   50585  1332  1344 1 1 1  10 : SET No 00002
   16537.0    6382.0
   17605.0    5647.0
   18713.0    5833.0
   19959.0    6319.0
   20655.0    6478.0
   20792.0    5935.0
   21259.0    5462.0
   22202.0    5333.0
   22950.0    5223.0
   23548.0    5142.0

 158   50585  1332  1344 1 1 1   8 : SET No 00003
   14575.0    8340.0
   14102.0    9626.0
   14983.0   10445.0
   15865.0   10210.0
   16588.0    9263.0
   17533.0    8826.0
   17448.0    9015.0
   17257.0    9161.0

 155   50585  1232  1238 1 1 1  22 : SET No 00001
   19357.0   16736.0
   17713.0   16251.0
   16781.0   16803.0
   18129.0   17056.0
   19027.0   16429.0
   19416.0   15825.0
   19295.0   15022.0
   18701.0   14505.0
   18437.0   14623.0
   17897.0   14923.0
   17495.0   14792.0
   17256.0   14573.0
   17145.0   14165.0
   16614.0   14028.0
   15935.0   14163.0
   15636.0   14245.0
   15232.0   14208.0
   14863.0   13769.0
   14312.0   13473.0
   13738.0   13994.0
   12954.0   14126.0
   12912.0   14274.0

 155   50585  1232  1238 1 1 1   1 : SET No 00002
   19978.0   16997.0

 155   50585  1232  1238 1 1 1   1 : SET No 00003
   15437.0   13664.0

 157   50585  1301  1324 1 1 1  94 : SET No 00001
   20431.0   16544.0
   19917.0   17551.0
   20448.0   18296.0
   20930.0   18463.0
   21358.0   17650.0
   21882.0   17414.0
   21678.0   16674.0
   22070.0   16506.0
   22332.0   16564.0
   22636.0   16312.0
   22169.0   16431.0
   21723.0   16606.0
   21535.0   16850.0
   20999.0   16696.0
   20272.0   16555.0
   19575.0   16928.0
   19575.0   17720.0
   20429.0   17658.0
   21321.0   17459.0
   21920.0   17548.0
   22227.0   16886.0
   22890.0   16780.0
   22767.0   16267.0
   21845.0   16299.0
   21622.0   16813.0
   20910.0   16847.0
   20625.0   16815.0
   20149.0   16311.0
   20243.0   17035.0
   20866.0   17500.0
   21785.0   17706.0
   22492.0   17305.0
   23037.0   16715.0
   23738.0   16658.0
   23712.0   16010.0
   22877.0   15722.0
   22251.0   15433.0
   21509.0   15427.0
   21059.0   15271.0
   20510.0   15707.0
   20438.0   16290.0
   19832.0   16587.0
   19297.0   16545.0
   19347.0   17142.0
   18804.0   17403.0
   18451.0   17607.0
   18282.0   18001.0
   18699.0   18383.0
   19625.0   18334.0
   20157.0   18472.0
   20753.0   18874.0
   21416.0   19090.0
   21921.0   18886.0
   22330.0   18794.0
   22751.0   18819.0
   23048.0   18647.0
   23240.0   18730.0
   23820.0   18879.0
   24037.0   18413.0
   23558.0   18297.0
   22859.0   18091.0
   22506.0   17492.0
   22809.0   16686.0
   23510.0   16320.0
   24352.0   15928.0
   24886.0   15660.0
   24766.0   15241.0
   24199.0   15063.0
   23606.0   15320.0
   22926.0   15575.0
   22240.0   15569.0
   21989.0   15284.0
   21665.0   15099.0
   21525.0   14376.0
   20841.0   14228.0
   20541.0   14728.0
   20226.0   15692.0
   19800.0   16024.0
   19553.0   16049.0
   19167.0   16157.0
   18915.0   17001.0
   18873.0   17198.0
   18469.0   17426.0
   17882.0   17245.0
   17491.0   17106.0
   17262.0   17487.0
   17271.0   18162.0
   16714.0   18315.0
   16146.0   18438.0
   15509.0   18523.0
   14936.0   18488.0
   14360.0   18584.0
   13617.0   18644.0
   13115.0   18838.0

 157   50585  1301  1324 1 1 1   3 : SET No 00002
   19450.0   18226.0
   20685.0   18726.0
   21163.0   18918.0

 157   50585  1301  1324 1 1 1   6 : SET No 00003
   15858.0   18379.0
   15356.0   18556.0
   14732.0   18571.0
   13854.0   18719.0
   12925.0   18927.0
   12186.0   19045.0

 159   50585  1345  1356 1 1 1  46 : SET No 00001
   21538.0   17046.0
   20792.0   17274.0
   20240.0   17101.0
   19886.0   17397.0
   20592.0   17616.0
   21127.0   17735.0
   21598.0   17857.0
   22272.0   17485.0
   22243.0   16962.0
   21762.0   16604.0
   21604.0   16563.0
   21603.0   16563.0
   21603.0   16563.0
   21603.0   16562.0
   21276.0   16456.0
   21044.0   16459.0
   21171.0   16584.0
   21356.0   16796.0
   21272.0   17068.0
   20797.0   17348.0
   20054.0   17071.0
   19516.0   17251.0
   18808.0   17450.0
   19060.0   17778.0
   19475.0   18020.0
   19985.0   18023.0
   20713.0   17822.0
   21157.0   17879.0
   21471.0   18067.0
   21757.0   18038.0
   22100.0   17932.0
   22368.0   17384.0
   22368.0   17308.0
   22741.0   17462.0
   23083.0   17896.0
   23455.0   18029.0
   23986.0   18052.0
   24606.0   17980.0
   25415.0   17889.0
   26070.0   17839.0
   26716.0   17873.0
   27271.0   17821.0
   27690.0   17871.0
   27965.0   17991.0
   28470.0   17983.0
   29030.0   17880.0
