
 160  120685   945   952 3 3 1  30 : SET No 00001
   15523.0   19550.0
   15819.0   19243.0
   16128.0   18972.0
   16279.0   18589.0
   16330.0   18236.0
   16453.0   17775.0
   16514.0   17382.0
   16742.0   17049.0
   17018.0   16655.0
   17243.0   16317.0
   17371.0   15853.0
   17483.0   15251.0
   17419.0   14766.0
   17439.0   14319.0
   17306.0   13829.0
   17175.0   13402.0
   17037.0   12909.0
   16982.0   12605.0
   16982.0   12605.0
   16982.0   12605.0
   16982.0   12605.0
   17063.0   12265.0
   17195.0   11568.0
   17103.0   10860.0
   17169.0   10379.0
   17195.0    9893.0
   17209.0    9386.0
   17162.0    8818.0
   17055.0    8395.0
   16940.0    8138.0

 161  120685  1002  1006 3 3 1  13 : SET No 00001
   22364.0   15076.0
   22660.0   14890.0
   22660.0   14889.0
   22660.0   14889.0
   22660.0   14889.0
   22660.0   14890.0
   23238.0   14885.0
   23518.0   15053.0
   23603.0   15164.0
   23651.0   15296.0
   23693.0   15429.0
   23703.0   15522.0
   23731.0   15611.0

 162  120685  1016  1022 3 3 1  26 : SET No 00001
   19950.0   22686.0
   19631.0   22457.0
   19131.0   22121.0
   18538.0   21968.0
   17948.0   22052.0
   17334.0   22366.0
   16824.0   22758.0
   16320.0   23229.0
   15828.0   23757.0
   15371.0   24147.0
   14977.0   24544.0
   14516.0   25135.0
   14169.0   25505.0
   13850.0   25993.0
   13627.0   26494.0
   13482.0   27106.0
   13679.0   27667.0
   14118.0   28201.0
   14567.0   28573.0
   15247.0   28713.0
   15844.0   28844.0
   16355.0   29242.0
   16934.0   29586.0
   17534.0   29973.0
   18155.0   30339.0
   18622.0   30560.0

 163  120685  1024  1040 3 3 1  60 : SET No 00001
   22659.0   24774.0
   21990.0   24197.0
   22248.0   25367.0
   23254.0   25740.0
   23582.0   25491.0
   23971.0   25453.0
   23922.0   25104.0
   23602.0   24920.0
   23165.0   25304.0
   22812.0   25483.0
   22510.0   25349.0
   22246.0   25164.0
   21949.0   25537.0
   22142.0   26258.0
   22692.0   26571.0
   23323.0   26669.0
   23552.0   26370.0
   23812.0   25977.0
   23987.0   25692.0
   24151.0   25234.0
   23971.0   24549.0
   23506.0   24416.0
   22836.0   24487.0
   22457.0   24649.0
   22251.0   24531.0
   22153.0   24474.0
   22043.0   24347.0
   21850.0   24237.0
   21636.0   24370.0
   21411.0   24671.0
   21363.0   25069.0
   21592.0   25461.0
   21678.0   25781.0
   21711.0   25894.0
   21815.0   26118.0
   22038.0   26411.0
   22228.0   26571.0
   22456.0   26717.0
   22686.0   26838.0
   23038.0   26886.0
   23256.0   26871.0
   23543.0   26832.0
   23787.0   26904.0
   24126.0   26717.0
   24250.0   26294.0
   24389.0   25854.0
   24322.0   25397.0
   24267.0   25000.0
   24444.0   24701.0
   24825.0   24367.0
   25144.0   24208.0
   25606.0   24181.0
   25971.0   23766.0
   26323.0   23425.0
   26484.0   22903.0
   26596.0   22565.0
   26775.0   22201.0
   26834.0   22084.0
   26890.0   22003.0
   26967.0   21926.0

 164  130685   918   924 3 3 1  22 : SET No 00001
   22207.0   17123.0
   22516.0   17171.0
   22702.0   17467.0
   23211.0   17576.0
   23830.0   17223.0
   24121.0   16709.0
   24501.0   16154.0
   24428.0   15383.0
   24394.0   14764.0
   24346.0   14138.0
   23934.0   13646.0
   23641.0   13159.0
   23388.0   12920.0
   22971.0   12707.0
   22709.0   12181.0
   22281.0   11698.0
   21810.0   11416.0
   21180.0   11196.0
   20649.0   10889.0
   20229.0   10442.0
   19662.0    9881.0
   19335.0    9334.0

 165  130685   927   938 3 3 1  48 : SET No 00001
   23765.0   17783.0
   23664.0   17102.0
   23060.0   17257.0
   23360.0   17772.0
   23902.0   17657.0
   24082.0   17271.0
   24112.0   16873.0
   24398.0   16689.0
   24291.0   16113.0
   23803.0   16060.0
   23530.0   16017.0
   23175.0   16162.0
   23162.0   16573.0
   23500.0   16942.0
   23798.0   17115.0
   23975.0   17249.0
   23847.0   17595.0
   23771.0   18002.0
   23845.0   18338.0
   24224.0   18354.0
   24567.0   18128.0
   24719.0   17718.0
   24832.0   17325.0
   24705.0   17056.0
   24425.0   16995.0
   23885.0   16700.0
   23056.0   16433.0
   22469.0   16583.0
   21922.0   16967.0
   21662.0   17241.0
   21258.0   17255.0
   20758.0   17448.0
   20353.0   17474.0
   19846.0   17730.0
   19591.0   18202.0
   19648.0   18746.0
   20123.0   19155.0
   20540.0   19418.0
   20890.0   19800.0
   21051.0   20200.0
   20901.0   20627.0
   20755.0   21119.0
   20710.0   21524.0
   20658.0   21997.0
   20295.0   22322.0
   20012.0   22333.0
   19828.0   22484.0
   19678.0   22570.0

 166  130685   945   955 3 3 1  42 : SET No 00001
   22437.0   13899.0
   22819.0   13854.0
   23012.0   13988.0
   23283.0   14286.0
   23453.0   14517.0
   23559.0   14927.0
   23690.0   15241.0
   23771.0   15455.0
   23676.0   15637.0
   23616.0   15773.0
   23792.0   16123.0
   24124.0   16341.0
   24366.0   16438.0
   24660.0   16494.0
   24741.0   16514.0
   24741.0   16513.0
   24857.0   16601.0
   25023.0   16906.0
   25346.0   16691.0
   25309.0   16330.0
   25197.0   16078.0
   24927.0   15949.0
   24472.0   16066.0
   24212.0   16297.0
   24076.0   16635.0
   23954.0   16922.0
   23954.0   17287.0
   23859.0   17604.0
   23817.0   17794.0
   24068.0   18173.0
   24250.0   18430.0
   24341.0   18641.0
   24407.0   18867.0
   24739.0   19047.0
   25077.0   19215.0
   25443.0   19383.0
   25726.0   19479.0
   26024.0   19494.0
   26402.0   19465.0
   26668.0   19405.0
   26857.0   19282.0
   27073.0   19097.0

 167  130685  1002  1008 3 3 1  27 : SET No 00001
   24647.0   13315.0
   24707.0   14252.0
   24862.0   14592.0
   25129.0   14811.0
   25312.0   14881.0
   25577.0   15082.0
   25491.0   15311.0
   25183.0   15800.0
   25019.0   16336.0
   25030.0   16787.0
   25192.0   17455.0
   25249.0   18012.0
   25198.0   18536.0
   25434.0   19005.0
   25794.0   19129.0
   26389.0   19271.0
   26721.0   19522.0
   26631.0   19868.0
   26348.0   20211.0
   26013.0   20485.0
   25777.0   20698.0
   25303.0   20699.0
   24907.0   20541.0
   24592.0   20759.0
   24658.0   21215.0
   24837.0   21428.0
   24905.0   22037.0

 168  130685  1023  1035 3 3 1  50 : SET No 00001
   23533.0   11768.0
   24184.0   11206.0
   23340.0   11045.0
   22989.0   11679.0
   23211.0   12488.0
   24220.0   12431.0
   24874.0   11848.0
   24906.0   11007.0
   24447.0   10461.0
   23793.0   10655.0
   23449.0   11072.0
   23294.0   11452.0
   23152.0   11855.0
   23454.0   12405.0
   23909.0   12756.0
   24514.0   13326.0
   25243.0   12802.0
   25745.0   12092.0
   25787.0   11233.0
   25379.0   10635.0
   24623.0   10346.0
   24112.0   10368.0
   23506.0   10446.0
   23106.0   10683.0
   22764.0   10994.0
   22800.0   11359.0
   23328.0   12959.0
   23084.0   13550.0
   23060.0   13954.0
   23422.0   14377.0
   23971.0   14707.0
   24415.0   14935.0
   25024.0   15253.0
   25510.0   15651.0
   25676.0   15965.0
   26172.0   16564.0
   26570.0   17133.0
   26978.0   17470.0
   27527.0   17527.0
   28057.0   17728.0
   28670.0   18172.0
   29342.0   18255.0
   29937.0   17753.0
   30162.0   16973.0
   30008.0   16235.0
   29392.0   15845.0
   28880.0   15877.0
   28322.0   15780.0
   27835.0   15798.0
   27447.0   15656.0

 169  130685  1041  1046 3 3 1  21 : SET No 00001
   22664.0   19409.0
   23161.0   19213.0
   23543.0   19043.0
   23882.0   18858.0
   24037.0   18560.0
   24198.0   18233.0
   24459.0   18095.0
   24735.0   18179.0
   25018.0   18458.0
   25220.0   18747.0
   25470.0   19083.0
   25725.0   19460.0
   26119.0   19988.0
   26364.0   20435.0
   26555.0   20780.0
   26580.0   21265.0
   26830.0   21802.0
   27106.0   22194.0
   27300.0   22445.0
   27507.0   22640.0
   27715.0   22882.0

 170  130685  1049  1105 3 3 1  66 : SET No 00001
   24094.0   20043.0
   23378.0   20016.0
   23184.0   20628.0
   23528.0   20987.0
   24051.0   21157.0
   24649.0   20968.0
   24847.0   20450.0
   25129.0   20165.0
   25444.0   20001.0
   24971.0   19364.0
   24383.0   19073.0
   23896.0   19414.0
   23422.0   19650.0
   22895.0   20160.0
   23099.0   20937.0
   23613.0   21287.0
   24090.0   21313.0
   24739.0   21125.0
   25230.0   20749.0
   25610.0   20405.0
   25882.0   20080.0
   26285.0   19581.0
   26323.0   19163.0
   26214.0   18627.0
   25689.0   18100.0
   25070.0   17734.0
   24262.0   17805.0
   24091.0   17950.0
   24104.0   18155.0
   24000.0   18472.0
   23888.0   18701.0
   23656.0   19062.0
   23392.0   19166.0
   23045.0   19330.0
   22836.0   19393.0
   22597.0   19317.0
   22351.0   19245.0
   22086.0   19214.0
   21670.0   19415.0
   21248.0   19534.0
   21090.0   20028.0
   21126.0   20567.0
   21361.0   21147.0
   21745.0   21359.0
   22178.0   21488.0
   22639.0   21709.0
   23107.0   21911.0
   23704.0   22192.0
   24366.0   22461.0
   24967.0   22500.0
   25518.0   22402.0
   26088.0   22196.0
   26630.0   21848.0
   27099.0   21450.0
   27556.0   20887.0
   27856.0   20381.0
   28244.0   19876.0
   28464.0   19374.0
   28717.0   19148.0
   29428.0   19156.0
   30053.0   18818.0
   29979.0   17997.0
   30081.0   17544.0
   30232.0   17251.0
   30370.0   16926.0
   30240.0   16761.0

 171  140685   952  1002 3 3 1  41 : SET No 00001
   21845.0   19161.0
   21774.0   18614.0
   21575.0   18360.0
   21439.0   18139.0
   21030.0   17970.0
   20589.0   17981.0
   20200.0   17880.0
   19690.0   17934.0
   19286.0   18073.0
   19140.0   18198.0
   19032.0   18260.0
   19032.0   18259.0
   19032.0   18259.0
   19032.0   18260.0
   19033.0   18260.0
   19032.0   18260.0
   19033.0   18259.0
   18798.0   18214.0
   18631.0   18190.0
   18404.0   18063.0
   18249.0   17967.0
   18091.0   17895.0
   18091.0   17895.0
   17956.0   17883.0
   17872.0   17901.0
   17755.0   17902.0
   17755.0   17902.0
   17755.0   17902.0
   17754.0   17902.0
   17627.0   17857.0
   17597.0   17635.0
   17672.0   17391.0
   17770.0   17133.0
   17856.0   16914.0
   17947.0   16674.0
   18016.0   16441.0
   17988.0   16241.0
   18001.0   16050.0
   18099.0   15777.0
   18219.0   15423.0
   18315.0   15126.0

 172  140685  1005  1013 3 3 1  28 : SET No 00001
   23607.0   18872.0
   23984.0   19035.0
   24240.0   18788.0
   24256.0   18377.0
   24114.0   18159.0
   23759.0   18121.0
   23545.0   18019.0
   23330.0   17958.0
   23243.0   17932.0
   22919.0   18074.0
   22509.0   18221.0
   22305.0   18281.0
   22097.0   18423.0
   21859.0   18621.0
   21867.0   18926.0
   22131.0   19115.0
   22369.0   18930.0
   22180.0   18692.0
   22091.0   18671.0
   21962.0   18643.0
   21733.0   18490.0
   21497.0   18754.0
   21489.0   18971.0
   21610.0   19160.0
   21611.0   19160.0
   21610.0   19160.0
   22024.0   19161.0
   22042.0   18863.0

 173  140685  1022  1033 3 3 1  47 : SET No 00001
   26117.0   18813.0
   26110.0   17832.0
   25241.0   18237.0
   25722.0   18822.0
   25915.0   18867.0
   26519.0   19164.0
   26789.0   18533.0
   26419.0   18215.0
   25978.0   18283.0
   25668.0   18537.0
   25473.0   18772.0
   25666.0   19046.0
   25584.0   19362.0
   25266.0   19680.0
   25208.0   20283.0
   25497.0   20541.0
   25877.0   20535.0
   26254.0   20457.0
   26632.0   20301.0
   26739.0   19938.0
   26604.0   19605.0
   26437.0   19280.0
   26164.0   19109.0
   25934.0   18958.0
   25878.0   18595.0
   25691.0   18252.0
   25504.0   18002.0
   25396.0   17734.0
   25189.0   17363.0
   24821.0   17275.0
   24460.0   17170.0
   24061.0   17189.0
   23832.0   17218.0
   23591.0   17318.0
   23307.0   17510.0
   22980.0   17589.0
   22668.0   17804.0
   22407.0   18322.0
   22409.0   18709.0
   22608.0   19051.0
   22750.0   19470.0
   22966.0   19834.0
   23119.0   19997.0
   23372.0   20250.0
   23616.0   20352.0
   23763.0   20423.0
   23945.0   20477.0
 